configs: Namespace(dataset='usps', arch='DTN', ckpt_a='./ckpt/black-box/mnist_source.pt', ckpt_b='./ckpt/black-box/usps_ft_from_mnist.pt', attack_method='FGSM', targeted=False, train_ratio=1.0, eps=[0.01568627450980392, 0.03137254901960784, 0.06274509803921569, 0.12549019607843137], g=False, n_classes=10)
eps: 0.01568627450980392,0.03137254901960784,0.06274509803921569,0.12549019607843137
accuracy: 0.9365591397849462,0.8790322580645161,0.682258064516129,0.1543010752688172
