configs: Namespace(dataset='usps', arch='DTN', ckpt_a='./ckpt/black-box/mnist_commoninit.pt', ckpt_b='./ckpt/black-box/usps_commoninit.pt', attack_method='FGSM', targeted=False, train_ratio=1.0, eps=[0.01568627450980392, 0.03137254901960784, 0.06274509803921569, 0.12549019607843137], g=False, n_classes=10)
eps: 0.01568627450980392,0.03137254901960784,0.06274509803921569,0.12549019607843137
accuracy: 0.9295698924731183,0.9102150537634408,0.8623655913978494,0.7059139784946237
